0 0 0
1 1 0
2 2 0
3 3 0
4 4 0
5 5 0
6 6 0
7 7 0
8 8 0
9 9 0
10 10 0
11 0 1
12 1 1
13 2 1
14 3 1
15 4 1
16 5 1
17 6 1
18 7 1
19 8 1
20 9 1
21 10 1
22 0 2
23 1 2
24 2 2
25 3 2
26 4 2
27 5 2
28 6 2
29 7 2
30 8 2
31 9 2
32 10 2
33 0 3
34 1 3
35 2 3
36 3 3
37 4 3
38 5 3
39 6 3
40 7 3
41 8 3
42 9 3
43 10 3
44 0 4
45 1 4
46 2 4
47 3 4
48 4 4
49 5 4
50 6 4
51 7 4
52 8 4
53 9 4
54 10 4
55 0 5
56 1 5
57 2 5
58 3 5
59 4 5
60 5 5
61 6 5
62 7 5
63 8 5
64 9 5
65 10 5
66 0 6
67 1 6
68 2 6
69 3 6
70 4 6
71 5 6
72 6 6
73 7 6
74 8 6
75 9 6
76 10 6
77 0 7
78 1 7
79 2 7
80 3 7
81 4 7
82 5 7
83 6 7
84 7 7
85 8 7
86 9 7
87 10 7
88 0 8
89 1 8
90 2 8
91 3 8
92 4 8
93 5 8
94 6 8
95 7 8
96 8 8
97 9 8
98 10 8
99 0 9
100 1 9
101 2 9
102 3 9
103 4 9
104 5 9
105 6 9
106 7 9
107 8 9
108 9 9
109 10 9
110 0 10
111 1 10
112 2 10
113 3 10
114 4 10
115 5 10
116 6 10
117 7 10
118 8 10
119 9 10
120 10 10
0 1
0 11
0 12
1 0
1 2
1 11
1 12
1 13
2 1
2 3
2 12
2 13
2 14
3 2
3 4
3 13
3 14
3 15
4 3
4 5
4 14
4 15
4 16
5 4
5 6
5 15
5 16
5 17
6 5
6 7
6 16
6 17
6 18
7 6
7 8
7 17
7 18
7 19
8 7
8 9
8 18
8 19
8 20
9 8
9 10
9 19
9 20
9 21
10 9
10 20
10 21
11 0
11 1
11 12
11 22
11 23
12 0
12 1
12 2
12 11
12 13
12 22
12 23
12 24
13 1
13 2
13 3
13 12
13 14
13 23
13 24
13 25
14 2
14 3
14 4
14 13
14 15
14 24
14 25
14 26
15 3
15 4
15 5
15 14
15 16
15 25
15 26
15 27
16 4
16 5
16 6
16 15
16 17
16 26
16 27
16 28
17 5
17 6
17 7
17 16
17 18
17 27
17 28
17 29
18 6
18 7
18 8
18 17
18 19
18 28
18 29
18 30
19 7
19 8
19 9
19 18
19 20
19 29
19 30
19 31
20 8
20 9
20 10
20 19
20 21
20 30
20 31
20 32
21 9
21 10
21 20
21 31
21 32
22 11
22 12
22 23
22 33
22 34
23 11
23 12
23 13
23 22
23 24
23 33
23 34
23 35
24 12
24 13
24 14
24 23
24 25
24 34
24 35
24 36
25 13
25 14
25 15
25 24
25 26
25 35
25 36
25 37
26 14
26 15
26 16
26 25
26 27
26 36
26 37
26 38
27 15
27 16
27 17
27 26
27 28
27 37
27 38
27 39
28 16
28 17
28 18
28 27
28 29
28 38
28 39
28 40
29 17
29 18
29 19
29 28
29 30
29 39
29 40
29 41
30 18
30 19
30 20
30 29
30 31
30 40
30 41
30 42
31 19
31 20
31 21
31 30
31 32
31 41
31 42
31 43
32 20
32 21
32 31
32 42
32 43
33 22
33 23
33 34
33 44
33 45
34 22
34 23
34 24
34 33
34 35
34 44
34 45
34 46
35 23
35 24
35 25
35 34
35 36
35 45
35 46
35 47
36 24
36 25
36 26
36 35
36 37
36 46
36 47
36 48
37 25
37 26
37 27
37 36
37 38
37 47
37 48
37 49
38 26
38 27
38 28
38 37
38 39
38 48
38 49
38 50
39 27
39 28
39 29
39 38
39 40
39 49
39 50
39 51
40 28
40 29
40 30
40 39
40 41
40 50
40 51
40 52
41 29
41 30
41 31
41 40
41 42
41 51
41 52
41 53
42 30
42 31
42 32
42 41
42 43
42 52
42 53
42 54
43 31
43 32
43 42
43 53
43 54
44 33
44 34
44 45
44 55
44 56
45 33
45 34
45 35
45 44
45 46
45 55
45 56
45 57
46 34
46 35
46 36
46 45
46 47
46 56
46 57
46 58
47 35
47 36
47 37
47 46
47 48
47 57
47 58
47 59
48 36
48 37
48 38
48 47
48 49
48 58
48 59
48 60
49 37
49 38
49 39
49 48
49 50
49 59
49 60
49 61
50 38
50 39
50 40
50 49
50 51
50 60
50 61
50 62
51 39
51 40
51 41
51 50
51 52
51 61
51 62
51 63
52 40
52 41
52 42
52 51
52 53
52 62
52 63
52 64
53 41
53 42
53 43
53 52
53 54
53 63
53 64
53 65
54 42
54 43
54 53
54 64
54 65
55 44
55 45
55 56
55 66
55 67
56 44
56 45
56 46
56 55
56 57
56 66
56 67
56 68
57 45
57 46
57 47
57 56
57 58
57 67
57 68
57 69
58 46
58 47
58 48
58 57
58 59
58 68
58 69
58 70
59 47
59 48
59 49
59 58
59 60
59 69
59 70
59 71
60 48
60 49
60 50
60 59
60 61
60 70
60 71
60 72
61 49
61 50
61 51
61 60
61 62
61 71
61 72
61 73
62 50
62 51
62 52
62 61
62 63
62 72
62 73
62 74
63 51
63 52
63 53
63 62
63 64
63 73
63 74
63 75
64 52
64 53
64 54
64 63
64 65
64 74
64 75
64 76
65 53
65 54
65 64
65 75
65 76
66 55
66 56
66 67
66 77
66 78
67 55
67 56
67 57
67 66
67 68
67 77
67 78
67 79
68 56
68 57
68 58
68 67
68 69
68 78
68 79
68 80
69 57
69 58
69 59
69 68
69 70
69 79
69 80
69 81
70 58
70 59
70 60
70 69
70 71
70 80
70 81
70 82
71 59
71 60
71 61
71 70
71 72
71 81
71 82
71 83
72 60
72 61
72 62
72 71
72 73
72 82
72 83
72 84
73 61
73 62
73 63
73 72
73 74
73 83
73 84
73 85
74 62
74 63
74 64
74 73
74 75
74 84
74 85
74 86
75 63
75 64
75 65
75 74
75 76
75 85
75 86
75 87
76 64
76 65
76 75
76 86
76 87
77 66
77 67
77 78
77 88
77 89
78 66
78 67
78 68
78 77
78 79
78 88
78 89
78 90
79 67
79 68
79 69
79 78
79 80
79 89
79 90
79 91
80 68
80 69
80 70
80 79
80 81
80 90
80 91
80 92
81 69
81 70
81 71
81 80
81 82
81 91
81 92
81 93
82 70
82 71
82 72
82 81
82 83
82 92
82 93
82 94
83 71
83 72
83 73
83 82
83 84
83 93
83 94
83 95
84 72
84 73
84 74
84 83
84 85
84 94
84 95
84 96
85 73
85 74
85 75
85 84
85 86
85 95
85 96
85 97
86 74
86 75
86 76
86 85
86 87
86 96
86 97
86 98
87 75
87 76
87 86
87 97
87 98
88 77
88 78
88 89
88 99
88 100
89 77
89 78
89 79
89 88
89 90
89 99
89 100
89 101
90 78
90 79
90 80
90 89
90 91
90 100
90 101
90 102
91 79
91 80
91 81
91 90
91 92
91 101
91 102
91 103
92 80
92 81
92 82
92 91
92 93
92 102
92 103
92 104
93 81
93 82
93 83
93 92
93 94
93 103
93 104
93 105
94 82
94 83
94 84
94 93
94 95
94 104
94 105
94 106
95 83
95 84
95 85
95 94
95 96
95 105
95 106
95 107
96 84
96 85
96 86
96 95
96 97
96 106
96 107
96 108
97 85
97 86
97 87
97 96
97 98
97 107
97 108
97 109
98 86
98 87
98 97
98 108
98 109
99 88
99 89
99 100
99 110
99 111
100 88
100 89
100 90
100 99
100 101
100 110
100 111
100 112
101 89
101 90
101 91
101 100
101 102
101 111
101 112
101 113
102 90
102 91
102 92
102 101
102 103
102 112
102 113
102 114
103 91
103 92
103 93
103 102
103 104
103 113
103 114
103 115
104 92
104 93
104 94
104 103
104 105
104 114
104 115
104 116
105 93
105 94
105 95
105 104
105 106
105 115
105 116
105 117
106 94
106 95
106 96
106 105
106 107
106 116
106 117
106 118
107 95
107 96
107 97
107 106
107 108
107 117
107 118
107 119
108 96
108 97
108 98
108 107
108 109
108 118
108 119
108 120
109 97
109 98
109 108
109 119
109 120
110 99
110 100
110 111
111 99
111 100
111 101
111 110
111 112
112 100
112 101
112 102
112 111
112 113
113 101
113 102
113 103
113 112
113 114
114 102
114 103
114 104
114 113
114 115
115 103
115 104
115 105
115 114
115 116
116 104
116 105
116 106
116 115
116 117
117 105
117 106
117 107
117 116
117 118
118 106
118 107
118 108
118 117
118 119
119 107
119 108
119 109
119 118
119 120
120 108
120 109
120 119
