0 0 0
1 1 0
10 4 1
11 5 1
12 0 2
13 1 2
14 2 2
15 3 2
16 4 2
17 5 2
18 0 3
19 1 3
2 2 0
20 2 3
21 3 3
22 4 3
23 5 3
24 0 4
25 1 4
26 2 4
27 3 4
28 4 4
29 5 4
3 3 0
30 0 5
31 1 5
32 2 5
33 3 5
34 4 5
35 5 5
4 4 0
5 5 0
6 0 1
7 1 1
8 2 1
9 3 1
0 1
0 6
0 7
1 0
1 2
1 6
1 7
1 8
10 11
10 15
10 16
10 17
10 3
10 4
10 5
10 9
11 10
11 16
11 17
11 4
11 5
12 13
12 18
12 19
12 6
12 7
13 12
13 14
13 18
13 19
13 20
13 6
13 7
13 8
14 13
14 15
14 19
14 20
14 21
14 7
14 8
14 9
15 10
15 14
15 16
15 20
15 21
15 22
15 8
15 9
16 10
16 11
16 15
16 17
16 21
16 22
16 23
16 9
17 10
17 11
17 16
17 22
17 23
18 12
18 13
18 19
18 24
18 25
19 12
19 13
19 14
19 18
19 20
19 24
19 25
19 26
2 1
2 3
2 7
2 8
2 9
20 13
20 14
20 15
20 19
20 21
20 25
20 26
20 27
21 14
21 15
21 16
21 20
21 22
21 26
21 27
21 28
22 15
22 16
22 17
22 21
22 23
22 27
22 28
22 29
23 16
23 17
23 22
23 28
23 29
24 18
24 19
24 25
24 30
24 31
25 18
25 19
25 20
25 24
25 26
25 30
25 31
25 32
26 19
26 20
26 21
26 25
26 27
26 31
26 32
26 33
27 20
27 21
27 22
27 26
27 28
27 32
27 33
27 34
28 21
28 22
28 23
28 27
28 29
28 33
28 34
28 35
29 22
29 23
29 28
29 34
29 35
3 10
3 2
3 4
3 8
3 9
30 24
30 25
30 31
31 24
31 25
31 26
31 30
31 32
32 25
32 26
32 27
32 31
32 33
33 26
33 27
33 28
33 32
33 34
34 27
34 28
34 29
34 33
34 35
35 28
35 29
35 34
4 10
4 11
4 3
4 5
4 9
5 10
5 11
5 4
6 0
6 1
6 12
6 13
6 7
7 0
7 1
7 12
7 13
7 14
7 2
7 6
7 8
8 1
8 13
8 14
8 15
8 2
8 3
8 7
8 9
9 10
9 14
9 15
9 16
9 2
9 3
9 4
9 8
