0 0 0
101 0 1
202 0 2
303 0 3
404 0 4
505 0 5
606 0 6
707 0 7
808 0 8
909 0 9
1010 0 10
1111 0 11
1212 0 12
1313 0 13
1414 0 14
1515 0 15
1616 0 16
1717 0 17
1818 0 18
1919 0 19
2020 0 20
2121 0 21
2222 0 22
2323 0 23
2424 0 24
2525 0 25
2626 0 26
2727 0 27
2828 0 28
2929 0 29
3030 0 30
3131 0 31
3232 0 32
3333 0 33
3434 0 34
3535 0 35
3636 0 36
3737 0 37
3839 1 38
3941 2 39
4043 3 40
4145 4 41
4247 5 42
4349 6 43
4451 7 44
4452 8 44
4453 9 44
4454 10 44
4455 11 44
4456 12 44
4457 13 44
4458 14 44
4459 15 44
4460 16 44
4461 17 44
4462 18 44
4463 19 44
4464 20 44
4465 21 44
4466 22 44
4467 23 44
4468 24 44
4570 25 45
4672 26 46
4774 27 47
4876 28 48
4978 29 49
5080 30 50
5182 31 51
5283 31 52
5384 31 53
5485 31 54
5586 31 55
5687 31 56
5789 32 57
5890 32 58
5991 32 59
6093 33 60
6195 34 61
6297 35 62
6399 36 63
6501 37 64
6603 38 65
6705 39 66
6706 40 66
6707 41 66
6708 42 66
6709 43 66
6710 44 66
6711 45 66
6712 46 66
6713 47 66
6714 48 66
6715 49 66
6716 50 66
6717 51 66
6718 52 66
6719 53 66
6720 54 66
6721 55 66
6722 56 66
6824 57 67
6926 58 68
7028 59 69
7130 60 70
7232 61 71
7334 62 72
7436 63 73
7537 63 74
7638 63 75
7739 63 76
7840 63 77
7941 63 78
8042 63 79
8143 63 80
8244 63 81
8346 64 82
8448 65 83
8550 66 84
8652 67 85
8754 68 86
8856 69 87
8958 70 88
8959 71 88
8960 72 88
8961 73 88
8962 74 88
8963 75 88
8964 76 88
8965 77 88
8966 78 88
8967 79 88
8968 80 88
8969 81 88
8970 82 88
8971 83 88
8972 84 88
8973 85 88
8974 86 88
8975 87 88
8976 88 88
9078 89 89
9180 90 90
9282 91 91
9384 92 92
9486 93 93
9588 94 94
9690 95 95
9792 96 96
9894 97 97
9996 98 98
10098 99 99
10200 100 100
